computeShortestPath: 0,
openList.size: 2,
openHash.size: 2
openList.top.k.first_second: [10.656854 1.414214]
s_start.k.first_second: [7.828427 7.828427]
getRHS_getG: (7.828427,7.828427)
