computeShortestPath: 0,
openList.size: 2,
openHash.size: 2
openList.top.k.first_second: [13.485281 4.414214]
s_start.k.first_second: [6.414214 6.414214]
getRHS_getG: (6.414214,6.414214)
