computeShortestPath: 0,
openList.size: 2,
openHash.size: 2
openList.top.k.first_second: [4578.294731 540.222438]
s_start.k.first_second: [4343.849855 4343.849855]
getRHS_getG: (4343.849855,4343.849855)
