computeShortestPath: 0,
openList.size: 3,
openHash.size: 3
openList.top.k.first_second: [26.556349 10.899495]
s_start.k.first_second: [7.242641 7.242641]
getRHS_getG: (7.242641,7.242641)

