computeShortestPath: 0,
openList.size: 2,
openHash.size: 2
openList.top.k.first_second: [11421.289383 9690.973224]
s_start.k.first_second: [8923.289383 8923.289383]
getRHS_getG: (8923.289383,8923.289383)
