computeShortestPath: 0,
openList.size: 2,
openHash.size: 2
openList.top.k.first_second: [1862.870417 1277.123159]
s_start.k.first_second: [1165.129076 1165.129076]
getRHS_getG: (1165.129076,1165.129076)
