computeShortestPath: 0,
openList.size: 2,
openHash.size: 2
openList.top.k.first_second: [3068.540690 1662.493650]
s_start.k.first_second: [1887.567676 1887.567676]
getRHS_getG: (1887.567676,1887.567676)
