computeShortestPath: 0,
openList.size: 2,
openHash.size: 2
openList.top.k.first_second: [16102.666868 4916.620485]
s_start.k.first_second: [6432.274529 6432.274529]
getRHS_getG: (6432.274529,6432.274529)
