computeShortestPath: 0,
openList.size: 2,
openHash.size: 2
openList.top.k.first_second: [5974.777413 2001.495742]
s_start.k.first_second: [4476.756493 4476.756493]
getRHS_getG: (4476.756493,4476.756493)
