computeShortestPath: 0,
openList.size: 2,
openHash.size: 2
openList.top.k.first_second: [3107.082754 2502.061325]
s_start.k.first_second: [2005.410388 2005.410388]
getRHS_getG: (2005.410388,2005.410388)
