computeShortestPath: 0,
openList.size: 2,
openHash.size: 2
openList.top.k.first_second: [8968.759154 5159.507786]
s_start.k.first_second: [5531.161472 5531.161472]
getRHS_getG: (5531.161472,5531.161472)
