computeShortestPath: 0,
openList.size: 2,
openHash.size: 2
openList.top.k.first_second: [6148.298916 3627.684558]
s_start.k.first_second: [1590.703894 1590.703894]
getRHS_getG: (1590.703894,1590.703894)
