computeShortestPath: 0,
openList.size: 2,
openHash.size: 2
openList.top.k.first_second: [110455.067971 53448.326358]
s_start.k.first_second: [63272.122390 63272.122390]
getRHS_getG: (63272.122390,63272.122390)
